000
000
000
000
000
000
000
000
000
000
000
000
000
000
100
100
100
000
000
000
000
000
000
000
000
000
000
02
000
510
510
510
510
000
310
310
310
310
310
000
000
100
100
100
100
100
000
000
000
000
100
100
000
000
000
03
510
510
510
510
510
510
510
310
310
310
310
310
310
100
100
100
100
100
100
000
000
100
100
100
100
100
100
04
510
510
510
510
510
510
510
510
310
310
310
310
310
100
100
100
100
100
100
100
000
100
100
100
000
100
100
05
510
510
510
510
510
510
510
510
410
310
310
310
100
100
100
100
100
100
100
000
000
100
100
100
100
100
100
06
510
510
510
510
510
510
510
510
510
310
310
210
100
100
100
100
100
100
100
000
000
000
000
100
100
100
100
07
000
510
510
510
510
510
510
510
510
310
210
200
100
100
100
100
100
100
000
000
100
000
100
100
100
100
100
08
000
000
000
000
000
510
510
000
510
000
100
100
100
100
100
100
200
300
300
300
300
300
300
100
100
100
100
09
000
100
100
100
100
000
000
100
100
000
100
100
100
100
100
100
200
300
300
300
300
300
300
300
100
100
100
010
100
100
100
100
100
100
100
100
100
100
100
100
100
100
100
100
300
300
300
300
300
300
300
100
100
000
000
011
100
100
100
100
100
100
100
100
100
100
100
100
100
100
100
100
100
100
300
300
300
300
300
300
100
100
000
012
100
100
100
100
100
100
100
100
100
100
100
100
100
100
100
100
100
100
300
300
300
300
300
000
000
000
000
013
000
100
100
100
100
100
100
100
100
100
100
100
100
100
100
100
100
100
200
300
300
100
000
000
000
000
000
014
000
000
000
100
100
100
100
100
100
100
100
100
100
100
100
100
100
200
300
300
100
100
100
100
100
000
000
015
000
000
100
100
100
100
100
100
100
100
100
100
100
100
100
100
100
100
100
100
100
100
100
100
100
000
000
016
000
000
100
100
100
100
100
100
100
100
100
100
100
100
100
100
100
100
100
100
100
100
100
100
100
000
000
017
000
000
100
100
100
100
100
300
300
200
100
100
100
100
100
100
100
100
100
100
100
100
100
100
000
000
000
018
000
000
000
000
000
100
300
300
200
100
100
100
100
100
100
100
100
100
100
100
100
100
100
100
100
100
000
019
000
000
000
000
300
300
300
300
300
100
100
100
100
100
100
100
100
100
100
100
100
100
100
100
100
100
100
020
000
100
100
300
300
300
300
300
300
100
100
100
100
100
100
100
100
100
100
100
100
100
100
100
100
100
100
021
000
000
100
100
300
300
300
300
300
300
300
100
100
100
100
100
100
100
100
100
100
100
100
100
100
100
100
022
100
100
100
300
300
300
300
300
300
300
200
100
100
100
100
100
100
000
100
100
000
000
100
100
100
100
000
023
100
100
100
100
300
300
300
300
300
300
200
100
100
100
100
100
100
000
510
000
510
510
000
000
000
000
000
024
100
100
100
100
100
000
100
000
000
100
100
100
100
100
100
200
210
310
510
510
510
510
510
510
510
510
000
025
100
100
100
100
000
000
000
000
100
100
100
100
100
100
100
210
310
310
510
510
510
510
510
510
510
510
510
026
100
100
100
100
100
100
000
000
100
100
100
100
100
100
100
310
310
310
410
510
510
510
510
510
510
510
510
027
100
100
000
100
100
100
000
100
100
100
100
100
100
100
310
310
310
310
310
510
510
510
510
510
510
510
510
028
100
100
100
100
100
100
000
000
100
100
100
100
100
100
310
310
310
310
310
310
510
510
510
510
510
510
510
029
000
000
000
100
100
000
000
000
000
100
100
100
100
100
000
000
310
310
310
310
310
000
510
510
510
510
000
030
000
000
000
000
000
000
000
000
000
000
100
100
100
000
000
000
000
000
000
000
000
000
000
000
000
000
000
030
000
000
000
000
000
000
000
000
000
000
100
100
100
000
000
000
000
000
000
000
000
000
000
000
000
000
000